[BuildTime]
Time=20180305143519981

[ComputerID]
ID=1287636757

[cameraSerial]
serial=default

[platConvertName]
name=default

[posType]
ID=0

[stdPos]
pos1=0
pos2=0

[stdValue]
value1=0
value2=0

[convertPara]
value11=-1.81108e+67
value12=1.41824e+67
value13=0
value21=-0.00298238
value22=-0.0135992
value23=0
value31=0
value32=0
value33=1

[isGetOK]
status=1

[invConvertPara]
value11=-4.7123e-68
value12=-49.1438
value13=0
value21=1.03343e-68
value22=-62.7561
value23=0
value31=0
value32=0
value33=1
