[BuildTime]
Time=20180305143024693

[ComputerID]
ID=1287636757

[cameraSerial]
serial=default

[platConvertName]
name=default

[posType]
ID=0

[stdPos]
pos1=0
pos2=0

[stdValue]
value1=0
value2=0

[convertPara]
value11=-0.00318153
value12=-0.00114573
value13=0
value21=0.00184529
value22=0.000904523
value23=0
value31=0
value32=0
value33=1

[isGetOK]
status=1

[invConvertPara]
value11=-1184.6
value12=-1500.49
value13=0
value21=2416.67
value22=4166.67
value23=0
value31=0
value32=0
value33=1
