[BuildTime]
Time=20180305182336132

[ComputerID]
ID=1287636757

[cameraSerial]
serial=default

[platConvertName]
name=default

[posType]
ID=0

[stdPos]
pos1=0
pos2=0

[stdValue]
value1=0
value2=0

[convertPara]
value11=-0.000859014
value12=0.000723618
value13=0
value21=-3.18153e-05
value22=0.000723618
value23=0
value31=0
value32=0
value33=1

[isGetOK]
status=1

[invConvertPara]
value11=-1208.9
value12=1208.9
value13=0
value21=-53.1517
value22=1435.1
value23=0
value31=0
value32=0
value33=1
