-0.11102442	-0.12348858	-0.12268347	-0.11634365	-0.12268347	-0.12348858	-0.11102442
-0.12348858	-0.11689323	-0.04418628	0.03186871	-0.04418628	-0.11689323	-0.12348858
-0.12268347	-0.04418628	0.27492073	0.58699471	0.27492073	-0.04418628	-0.12268347
-0.11634365	0.03186871	0.58699471	1.12477529	0.58699471	0.03186871	-0.11634365
-0.12268347	-0.04418628	0.27492073	0.58699471	0.27492073	-0.04418628	-0.12268347
-0.12348858	-0.11689323	-0.04418628	0.03186871	-0.04418628	-0.11689323	-0.12348858
-0.11102442	-0.12348858	-0.12268347	-0.11634365	-0.12268347	-0.12348858	-0.11102442
