0.01145544	-0.02811824	-0.02991139	-0.01440981	-0.02991139	-0.02811824	0.01145544
-0.02811824	-0.15367362	-0.12824317	-0.04555855	-0.12824317	-0.15367362	-0.02811824
-0.02991139	-0.12824317	0.12733854	0.44799098	0.12733854	-0.12824317	-0.02991139
-0.01440981	-0.04555855	0.44799098	0.99761048	0.44799098	-0.04555855	-0.01440981
-0.02991139	-0.12824317	0.12733854	0.44799098	0.12733854	-0.12824317	-0.02991139
-0.02811824	-0.15367362	-0.12824317	-0.04555855	-0.12824317	-0.15367362	-0.02811824
0.01145544	-0.02811824	-0.02991139	-0.01440981	-0.02991139	-0.02811824	0.01145544
