-0.07483677	-0.08992331	-0.06982470	-0.05361698	-0.06982470	-0.08992331	-0.07483677
-0.08992331	-0.07433277	0.01333359	0.06889719	0.01333359	-0.07433277	-0.08992331
-0.06982470	0.01333359	0.21662625	0.33685180	0.21662625	0.01333359	-0.06982470
-0.05361698	0.06889719	0.33685180	0.49296052	0.33685180	0.06889719	-0.05361698
-0.06982470	0.01333359	0.21662625	0.33685180	0.21662625	0.01333359	-0.06982470
-0.08992331	-0.07433277	0.01333359	0.06889719	0.01333359	-0.07433277	-0.08992331
-0.07483677	-0.08992331	-0.06982470	-0.05361698	-0.06982470	-0.08992331	-0.07483677
