0.01379204	-0.00570106	-0.01321741	-0.01097957	-0.00786138	-0.01097957	-0.01321741	-0.00570106	0.01379204
-0.00570106	-0.07619298	-0.10834738	-0.10462410	-0.09428912	-0.10462410	-0.10834738	-0.07619298	-0.00570106
-0.01321741	-0.10834738	-0.13253544	-0.05821572	0.02238882	-0.05821572	-0.13253544	-0.10834738	-0.01321741
-0.01097957	-0.10462410	-0.05821572	0.26385607	0.58158180	0.26385607	-0.05821572	-0.10462410	-0.01097957
-0.00786138	-0.09428912	0.02238882	0.58158180	1.12572277	0.58158180	0.02238882	-0.09428912	-0.00786138
-0.01097957	-0.10462410	-0.05821572	0.26385607	0.58158180	0.26385607	-0.05821572	-0.10462410	-0.01097957
-0.01321741	-0.10834738	-0.13253544	-0.05821572	0.02238882	-0.05821572	-0.13253544	-0.10834738	-0.01321741
-0.00570106	-0.07619298	-0.10834738	-0.10462410	-0.09428912	-0.10462410	-0.10834738	-0.07619298	-0.00570106
0.01379204	-0.00570106	-0.01321741	-0.01097957	-0.00786138	-0.01097957	-0.01321741	-0.00570106	0.01379204
