0.00346490	0.00313568	0.00033535	0.00164540	0.00417387	0.00164540	0.00033535	0.00313568	0.00346490
0.00313568	-0.00829456	-0.02614917	-0.02325838	-0.01377668	-0.02325838	-0.02614917	-0.00829456	0.00313568
0.00033535	-0.02614917	-0.05056213	-0.01344491	0.02499036	-0.01344491	-0.05056213	-0.02614917	0.00033535
0.00164540	-0.02325838	-0.01344491	0.11286217	0.20824253	0.11286217	-0.01344491	-0.02325838	0.00164540
0.00417387	-0.01377668	0.02499036	0.20824253	0.33748638	0.20824253	0.02499036	-0.01377668	0.00417387
0.00164540	-0.02325838	-0.01344491	0.11286217	0.20824253	0.11286217	-0.01344491	-0.02325838	0.00164540
0.00033535	-0.02614917	-0.05056213	-0.01344491	0.02499036	-0.01344491	-0.05056213	-0.02614917	0.00033535
0.00313568	-0.00829456	-0.02614917	-0.02325838	-0.01377668	-0.02325838	-0.02614917	-0.00829456	0.00313568
0.00346490	0.00313568	0.00033535	0.00164540	0.00417387	0.00164540	0.00033535	0.00313568	0.00346490
