-0.00450092	-0.01345794	-0.01791572	-0.01576685	-0.01344904	-0.01576685	-0.01791572	-0.01345794	-0.00450092
-0.01345794	-0.02810866	-0.02881944	-0.01450382	-0.00520095	-0.01450382	-0.02881944	-0.02810866	-0.01345794
-0.01791572	-0.02881944	-0.00841653	0.03773522	0.06304507	0.03773522	-0.00841653	-0.02881944	-0.01791572
-0.01576685	-0.01450382	0.03773522	0.12527043	0.17051242	0.12527043	0.03773522	-0.01450382	-0.01576685
-0.01344904	-0.00520095	0.06304507	0.17051242	0.22522110	0.17051242	0.06304507	-0.00520095	-0.01344904
-0.01576685	-0.01450382	0.03773522	0.12527043	0.17051242	0.12527043	0.03773522	-0.01450382	-0.01576685
-0.01791572	-0.02881944	-0.00841653	0.03773522	0.06304507	0.03773522	-0.00841653	-0.02881944	-0.01791572
-0.01345794	-0.02810866	-0.02881944	-0.01450382	-0.00520095	-0.01450382	-0.02881944	-0.02810866	-0.01345794
-0.00450092	-0.01345794	-0.01791572	-0.01576685	-0.01344904	-0.01576685	-0.01791572	-0.01345794	-0.00450092
