-0.00963874	-0.01512422	-0.00659514	0.00139198	-0.00659514	-0.01512422	-0.00963874
-0.01512422	-0.01348512	0.01649784	0.03768786	0.01649784	-0.01348512	-0.01512422
-0.00659514	0.01649784	0.08114082	0.12085038	0.08114082	0.01649784	-0.00659514
0.00139198	0.03768786	0.12085038	0.16998345	0.12085038	0.03768786	0.00139198
-0.00659514	0.01649784	0.08114082	0.12085038	0.08114082	0.01649784	-0.00659514
-0.01512422	-0.01348512	0.01649784	0.03768786	0.01649784	-0.01348512	-0.01512422
-0.00963874	-0.01512422	-0.00659514	0.00139198	-0.00659514	-0.01512422	-0.00963874
