-0.08059015	-0.11274456	-0.10902128	-0.09868630	-0.10902128	-0.11274456	-0.08059015
-0.11274456	-0.13693261	-0.06261290	0.01799164	-0.06261290	-0.13693261	-0.11274456
-0.10902128	-0.06261290	0.25945889	0.57718462	0.25945889	-0.06261290	-0.10902128
-0.09868630	0.01799164	0.57718462	1.12132559	0.57718462	0.01799164	-0.09868630
-0.10902128	-0.06261290	0.25945889	0.57718462	0.25945889	-0.06261290	-0.10902128
-0.11274456	-0.13693261	-0.06261290	0.01799164	-0.06261290	-0.13693261	-0.11274456
-0.08059015	-0.11274456	-0.10902128	-0.09868630	-0.10902128	-0.11274456	-0.08059015
