0.00167486	-0.01433246	-0.02406004	-0.02310185	-0.02042862	-0.02310185	-0.02406004	-0.01433246	0.00167486
-0.01433246	-0.05163247	-0.06789550	-0.05338244	-0.04025353	-0.05338244	-0.06789550	-0.05163247	-0.01433246
-0.02406004	-0.06789550	-0.05643196	0.02244790	0.07355480	0.02244790	-0.05643196	-0.06789550	-0.02406004
-0.02310185	-0.05338244	0.02244790	0.21464583	0.32952960	0.21464583	0.02244790	-0.05338244	-0.02310185
-0.02042862	-0.04025353	0.07355480	0.32952960	0.47996110	0.32952960	0.07355480	-0.04025353	-0.02042862
-0.02310185	-0.05338244	0.02244790	0.21464583	0.32952960	0.21464583	0.02244790	-0.05338244	-0.02310185
-0.02406004	-0.06789550	-0.05643196	0.02244790	0.07355480	0.02244790	-0.05643196	-0.06789550	-0.02406004
-0.01433246	-0.05163247	-0.06789550	-0.05338244	-0.04025353	-0.05338244	-0.06789550	-0.05163247	-0.01433246
0.00167486	-0.01433246	-0.02406004	-0.02310185	-0.02042862	-0.02310185	-0.02406004	-0.01433246	0.00167486
