0.01271584	0.00033078	-0.00712030	-0.00874245	-0.00814191	-0.00874245	-0.00712030	0.00033078	0.01271584
0.00033078	-0.05213067	-0.08671644	-0.09491792	-0.09086035	-0.09491792	-0.08671644	-0.05213067	0.00033078
-0.00712030	-0.08671644	-0.12108375	-0.06661079	0.00437431	-0.06661079	-0.12108375	-0.08671644	-0.00712030
-0.00874245	-0.09491792	-0.06661079	0.23002729	0.53586740	0.23002729	-0.06661079	-0.09491792	-0.00874245
-0.00814191	-0.09086035	0.00437431	0.53586740	1.06714425	0.53586740	0.00437431	-0.09086035	-0.00814191
-0.00874245	-0.09491792	-0.06661079	0.23002729	0.53586740	0.23002729	-0.06661079	-0.09491792	-0.00874245
-0.00712030	-0.08671644	-0.12108375	-0.06661079	0.00437431	-0.06661079	-0.12108375	-0.08671644	-0.00712030
0.00033078	-0.05213067	-0.08671644	-0.09491792	-0.09086035	-0.09491792	-0.08671644	-0.05213067	0.00033078
0.01271584	0.00033078	-0.00712030	-0.00874245	-0.00814191	-0.00874245	-0.00712030	0.00033078	0.01271584
