0.00482170	0.00409848	0.00031767	0.00263148	0.00642101	0.00263148	0.00031767	0.00409848	0.00482170
0.00409848	-0.01068285	-0.03246762	-0.02716104	-0.01441666	-0.02716104	-0.03246762	-0.01068285	0.00409848
0.00031767	-0.03246762	-0.06221853	-0.01843662	0.02672621	-0.01843662	-0.06221853	-0.03246762	0.00031767
0.00263148	-0.02716104	-0.01843662	0.12157687	0.22752383	0.12157687	-0.01843662	-0.02716104	0.00263148
0.00642101	-0.01441666	0.02672621	0.22752383	0.36913493	0.22752383	0.02672621	-0.01441666	0.00642101
0.00263148	-0.02716104	-0.01843662	0.12157687	0.22752383	0.12157687	-0.01843662	-0.02716104	0.00263148
0.00031767	-0.03246762	-0.06221853	-0.01843662	0.02672621	-0.01843662	-0.06221853	-0.03246762	0.00031767
0.00409848	-0.01068285	-0.03246762	-0.02716104	-0.01441666	-0.02716104	-0.03246762	-0.01068285	0.00409848
0.00482170	0.00409848	0.00031767	0.00263148	0.00642101	0.00263148	0.00031767	0.00409848	0.00482170
