-0.03370386	-0.04570913	-0.04627463	-0.03959730	-0.03557426	-0.03959730	-0.04627463	-0.04570913	-0.03370386
-0.04570913	-0.05541060	-0.04162671	-0.01517140	-0.00161197	-0.01517140	-0.04162671	-0.05541060	-0.04570913
-0.04627463	-0.04162671	0.00531230	0.07181111	0.10408539	0.07181111	0.00531230	-0.04162671	-0.04627463
-0.03959730	-0.01517140	0.07181111	0.18513975	0.23911697	0.18513975	0.07181111	-0.01517140	-0.03959730
-0.03557426	-0.00161197	0.10408539	0.23911697	0.30312958	0.23911697	0.10408539	-0.00161197	-0.03557426
-0.03959730	-0.01517140	0.07181111	0.18513975	0.23911697	0.18513975	0.07181111	-0.01517140	-0.03959730
-0.04627463	-0.04162671	0.00531230	0.07181111	0.10408539	0.07181111	0.00531230	-0.04162671	-0.04627463
-0.04570913	-0.05541060	-0.04162671	-0.01517140	-0.00161197	-0.01517140	-0.04162671	-0.05541060	-0.04570913
-0.03370386	-0.04570913	-0.04627463	-0.03959730	-0.03557426	-0.03959730	-0.04627463	-0.04570913	-0.03370386
