-0.00773555	-0.02763962	-0.02355654	-0.01242011	-0.02355654	-0.02763962	-0.00773555
-0.02763962	-0.05486777	-0.01432170	0.02760779	-0.01432170	-0.05486777	-0.02763962
-0.02355654	-0.01432170	0.11923343	0.22020782	0.11923343	-0.01432170	-0.02355654
-0.01242011	0.02760779	0.22020782	0.35604039	0.22020782	0.02760779	-0.01242011
-0.02355654	-0.01432170	0.11923343	0.22020782	0.11923343	-0.01432170	-0.02355654
-0.02763962	-0.05486777	-0.01432170	0.02760779	-0.01432170	-0.05486777	-0.02763962
-0.00773555	-0.02763962	-0.02355654	-0.01242011	-0.02355654	-0.02763962	-0.00773555
