-0.02652686	-0.04661979	-0.05600150	-0.06049866	-0.06128631	-0.06049866	-0.05600150	-0.04661979	-0.02652686
-0.04661979	-0.07722416	-0.08968833	-0.08888322	-0.08254340	-0.08888322	-0.08968833	-0.07722416	-0.04661979
-0.05600150	-0.08968833	-0.08309298	-0.01038603	0.06566896	-0.01038603	-0.08309298	-0.08968833	-0.05600150
-0.06049866	-0.08888322	-0.01038603	0.30872098	0.62079497	0.30872098	-0.01038603	-0.08888322	-0.06049866
-0.06128631	-0.08254340	0.06566896	0.62079497	1.15857554	0.62079497	0.06566896	-0.08254340	-0.06128631
-0.06049866	-0.08888322	-0.01038603	0.30872098	0.62079497	0.30872098	-0.01038603	-0.08888322	-0.06049866
-0.05600150	-0.08968833	-0.08309298	-0.01038603	0.06566896	-0.01038603	-0.08309298	-0.08968833	-0.05600150
-0.04661979	-0.07722416	-0.08968833	-0.08888322	-0.08254340	-0.08888322	-0.08968833	-0.07722416	-0.04661979
-0.02652686	-0.04661979	-0.05600150	-0.06049866	-0.06128631	-0.06049866	-0.05600150	-0.04661979	-0.02652686
