-0.01192222	-0.02927493	-0.04220420	-0.05096706	-0.05379957	-0.05096706	-0.04220420	-0.02927493	-0.01192222
-0.02927493	-0.05956776	-0.08020947	-0.08771206	-0.08505107	-0.08771206	-0.08020947	-0.05956776	-0.02927493
-0.04220420	-0.08020947	-0.08696459	-0.02668399	0.04406779	-0.02668399	-0.08696459	-0.08020947	-0.04220420
-0.05096706	-0.08771206	-0.02668399	0.27678975	0.58229864	0.27678975	-0.02668399	-0.08771206	-0.05096706
-0.05379957	-0.08505107	0.04406779	0.58229864	1.11300985	0.58229864	0.04406779	-0.08505107	-0.05379957
-0.05096706	-0.08771206	-0.02668399	0.27678975	0.58229864	0.27678975	-0.02668399	-0.08771206	-0.05096706
-0.04220420	-0.08020947	-0.08696459	-0.02668399	0.04406779	-0.02668399	-0.08696459	-0.08020947	-0.04220420
-0.02927493	-0.05956776	-0.08020947	-0.08771206	-0.08505107	-0.08771206	-0.08020947	-0.05956776	-0.02927493
-0.01192222	-0.02927493	-0.04220420	-0.05096706	-0.05379957	-0.05096706	-0.04220420	-0.02927493	-0.01192222
