-0.03565814	-0.05641590	-0.06294119	-0.06466161	-0.06418039	-0.06466161	-0.06294119	-0.05641590	-0.03565814
-0.05641590	-0.08621582	-0.09371068	-0.08848077	-0.08022853	-0.08848077	-0.09371068	-0.08621582	-0.05641590
-0.06294119	-0.09371068	-0.08040929	-0.00204286	0.07641024	-0.00204286	-0.08040929	-0.09371068	-0.06294119
-0.06466161	-0.08848077	-0.00204286	0.32359265	0.63841856	0.32359265	-0.00204286	-0.08848077	-0.06466161
-0.06418039	-0.08022853	0.07641024	0.63841856	1.17910692	0.63841856	0.07641024	-0.08022853	-0.06418039
-0.06466161	-0.08848077	-0.00204286	0.32359265	0.63841856	0.32359265	-0.00204286	-0.08848077	-0.06466161
-0.06294119	-0.09371068	-0.08040929	-0.00204286	0.07641024	-0.00204286	-0.08040929	-0.09371068	-0.06294119
-0.05641590	-0.08621582	-0.09371068	-0.08848077	-0.08022853	-0.08848077	-0.09371068	-0.08621582	-0.05641590
-0.03565814	-0.05641590	-0.06294119	-0.06466161	-0.06418039	-0.06466161	-0.06294119	-0.05641590	-0.03565814
