-0.12023325	-0.11308010	-0.08685227	-0.07118387	-0.08685227	-0.11308010	-0.12023325
-0.11308010	-0.06312078	0.03435183	0.08957145	0.03435183	-0.06312078	-0.11308010
-0.08685227	0.03435183	0.24798085	0.36749841	0.24798085	0.03435183	-0.08685227
-0.07118387	0.08957145	0.36749841	0.52259311	0.36749841	0.08957145	-0.07118387
-0.08685227	0.03435183	0.24798085	0.36749841	0.24798085	0.03435183	-0.08685227
-0.11308010	-0.06312078	0.03435183	0.08957145	0.03435183	-0.06312078	-0.11308010
-0.12023325	-0.11308010	-0.08685227	-0.07118387	-0.08685227	-0.11308010	-0.12023325
