0.00106490	-0.01662091	-0.02638427	-0.02412499	-0.02064537	-0.02412499	-0.02638427	-0.01662091	0.00106490
-0.01662091	-0.05668320	-0.07240013	-0.05501950	-0.04029826	-0.05501950	-0.07240013	-0.05668320	-0.01662091
-0.02638427	-0.07240013	-0.05880908	0.02469337	0.07815368	0.02469337	-0.05880908	-0.07240013	-0.02638427
-0.02412499	-0.05501950	0.02469337	0.22283231	0.34058030	0.22283231	0.02469337	-0.05501950	-0.02412499
-0.02064537	-0.04029826	0.07815368	0.34058030	0.49407024	0.34058030	0.07815368	-0.04029826	-0.02064537
-0.02412499	-0.05501950	0.02469337	0.22283231	0.34058030	0.22283231	0.02469337	-0.05501950	-0.02412499
-0.02638427	-0.07240013	-0.05880908	0.02469337	0.07815368	0.02469337	-0.05880908	-0.07240013	-0.02638427
-0.01662091	-0.05668320	-0.07240013	-0.05501950	-0.04029826	-0.05501950	-0.07240013	-0.05668320	-0.01662091
0.00106490	-0.01662091	-0.02638427	-0.02412499	-0.02064537	-0.02412499	-0.02638427	-0.01662091	0.00106490
