-0.01622966	-0.03162597	-0.04176502	-0.04577520	-0.04628265	-0.04577520	-0.04176502	-0.03162597	-0.01622966
-0.03162597	-0.05468669	-0.06074514	-0.04882193	-0.03924578	-0.04882193	-0.06074514	-0.05468669	-0.03162597
-0.04176502	-0.06074514	-0.03089545	0.04694686	0.09402131	0.04694686	-0.03089545	-0.06074514	-0.04176502
-0.04577520	-0.04882193	0.04694686	0.23703964	0.34690946	0.23703964	0.04694686	-0.04882193	-0.04577520
-0.04628265	-0.03924578	0.09402131	0.34690946	0.49177047	0.34690946	0.09402131	-0.03924578	-0.04628265
-0.04577520	-0.04882193	0.04694686	0.23703964	0.34690946	0.23703964	0.04694686	-0.04882193	-0.04577520
-0.04176502	-0.06074514	-0.03089545	0.04694686	0.09402131	0.04694686	-0.03089545	-0.06074514	-0.04176502
-0.03162597	-0.05468669	-0.06074514	-0.04882193	-0.03924578	-0.04882193	-0.06074514	-0.05468669	-0.03162597
-0.01622966	-0.03162597	-0.04176502	-0.04577520	-0.04628265	-0.04577520	-0.04176502	-0.03162597	-0.01622966
