-0.04550332	-0.04545987	-0.02764323	-0.01633750	-0.02764323	-0.04545987	-0.04550332
-0.04545987	-0.02205404	0.03023415	0.05873453	0.03023415	-0.02205404	-0.04545987
-0.02764323	0.03023415	0.12634256	0.17578280	0.12634256	0.03023415	-0.02764323
-0.01633750	0.05873453	0.17578280	0.23509155	0.17578280	0.05873453	-0.01633750
-0.02764323	0.03023415	0.12634256	0.17578280	0.12634256	0.03023415	-0.02764323
-0.04545987	-0.02205404	0.03023415	0.05873453	0.03023415	-0.02205404	-0.04545987
-0.04550332	-0.04545987	-0.02764323	-0.01633750	-0.02764323	-0.04545987	-0.04550332
