0.00575674	0.01026388	0.01117943	0.01567443	0.02018723	0.01567443	0.01117943	0.01026388	0.00575674
0.01026388	0.00305700	-0.03291074	-0.03659414	-0.02367300	-0.03659414	-0.03291074	0.00305700	0.01026388
0.01117943	-0.03291074	-0.15054795	-0.13136436	-0.05493635	-0.13136436	-0.15054795	-0.03291074	0.01117943
0.01567443	-0.03659414	-0.13136436	0.11247221	0.42422422	0.11247221	-0.13136436	-0.03659414	0.01567443
0.02018723	-0.02367300	-0.05493635	0.42422422	0.96385155	0.42422422	-0.05493635	-0.02367300	0.02018723
0.01567443	-0.03659414	-0.13136436	0.11247221	0.42422422	0.11247221	-0.13136436	-0.03659414	0.01567443
0.01117943	-0.03291074	-0.15054795	-0.13136436	-0.05493635	-0.13136436	-0.15054795	-0.03291074	0.01117943
0.01026388	0.00305700	-0.03291074	-0.03659414	-0.02367300	-0.03659414	-0.03291074	0.00305700	0.01026388
0.00575674	0.01026388	0.01117943	0.01567443	0.02018723	0.01567443	0.01117943	0.01026388	0.00575674
