0.00674655	0.01141239	0.01191446	0.01699040	0.02236993	0.01699040	0.01191446	0.01141239	0.00674655
0.01141239	0.00249618	-0.03707751	-0.03887065	-0.02336907	-0.03887065	-0.03707751	0.00249618	0.01141239
0.01191446	-0.03707751	-0.16263288	-0.13720243	-0.05451781	-0.13720243	-0.16263288	-0.03707751	0.01191446
0.01699040	-0.03887065	-0.13720243	0.11837927	0.43903172	0.11837927	-0.13720243	-0.03887065	0.01699040
0.02236993	-0.02336907	-0.05451781	0.43903172	0.98865121	0.43903172	-0.05451781	-0.02336907	0.02236993
0.01699040	-0.03887065	-0.13720243	0.11837927	0.43903172	0.11837927	-0.13720243	-0.03887065	0.01699040
0.01191446	-0.03707751	-0.16263288	-0.13720243	-0.05451781	-0.13720243	-0.16263288	-0.03707751	0.01191446
0.01141239	0.00249618	-0.03707751	-0.03887065	-0.02336907	-0.03887065	-0.03707751	0.00249618	0.01141239
0.00674655	0.01141239	0.01191446	0.01699040	0.02236993	0.01699040	0.01191446	0.01141239	0.00674655
