-0.04973774	-0.04919002	-0.02949800	-0.01713983	-0.02949800	-0.04919002	-0.04973774
-0.04919002	-0.02422547	0.03111562	0.06118995	0.03111562	-0.02422547	-0.04919002
-0.02949800	0.03111562	0.13129527	0.18271973	0.13129527	0.03111562	-0.02949800
-0.01713983	0.06118995	0.18271973	0.24417150	0.18271973	0.06118995	-0.01713983
-0.02949800	0.03111562	0.13129527	0.18271973	0.13129527	0.03111562	-0.02949800
-0.04919002	-0.02422547	0.03111562	0.06118995	0.03111562	-0.02422547	-0.04919002
-0.04973774	-0.04919002	-0.02949800	-0.01713983	-0.02949800	-0.04919002	-0.04973774
