-0.03889406	-0.05114804	-0.05021055	-0.04164956	-0.03679231	-0.04164956	-0.05021055	-0.05114804	-0.03889406
-0.05114804	-0.06043633	-0.04413267	-0.01490861	-0.00016832	-0.01490861	-0.04413267	-0.06043633	-0.05114804
-0.05021055	-0.04413267	0.00631252	0.07629589	0.11001735	0.07629589	0.00631252	-0.04413267	-0.05021055
-0.04164956	-0.01490861	0.07629589	0.19357826	0.24917336	0.19357826	0.07629589	-0.01490861	-0.04164956
-0.03679231	-0.00016832	0.11001735	0.24917336	0.31486643	0.24917336	0.11001735	-0.00016832	-0.03679231
-0.04164956	-0.01490861	0.07629589	0.19357826	0.24917336	0.19357826	0.07629589	-0.01490861	-0.04164956
-0.05021055	-0.04413267	0.00631252	0.07629589	0.11001735	0.07629589	0.00631252	-0.04413267	-0.05021055
-0.05114804	-0.06043633	-0.04413267	-0.01490861	-0.00016832	-0.01490861	-0.04413267	-0.06043633	-0.05114804
-0.03889406	-0.05114804	-0.05021055	-0.04164956	-0.03679231	-0.04164956	-0.05021055	-0.05114804	-0.03889406
