-0.00608697	-0.01709795	-0.02165448	-0.01786351	-0.01450593	-0.01786351	-0.02165448	-0.01709795	-0.00608697
-0.01709795	-0.03457885	-0.03453540	-0.01671876	-0.00541303	-0.01671876	-0.03453540	-0.03457885	-0.01709795
-0.02165448	-0.03453540	-0.01112956	0.04115862	0.06965900	0.04115862	-0.01112956	-0.03453540	-0.02165448
-0.01786351	-0.01671876	0.04115862	0.13726703	0.18670727	0.13726703	0.04115862	-0.01671876	-0.01786351
-0.01450593	-0.00541303	0.06965900	0.18670727	0.24601603	0.18670727	0.06965900	-0.00541303	-0.01450593
-0.01786351	-0.01671876	0.04115862	0.13726703	0.18670727	0.13726703	0.04115862	-0.01671876	-0.01786351
-0.02165448	-0.03453540	-0.01112956	0.04115862	0.06965900	0.04115862	-0.01112956	-0.03453540	-0.02165448
-0.01709795	-0.03457885	-0.03453540	-0.01671876	-0.00541303	-0.01671876	-0.03453540	-0.03457885	-0.01709795
-0.00608697	-0.01709795	-0.02165448	-0.01786351	-0.01450593	-0.01786351	-0.02165448	-0.01709795	-0.00608697
