-0.00789245	-0.02090438	-0.02532123	-0.01963720	-0.01513040	-0.01963720	-0.02532123	-0.02090438	-0.00789245
-0.02090438	-0.04101379	-0.03993879	-0.01847871	-0.00513871	-0.01847871	-0.03993879	-0.04101379	-0.02090438
-0.02532123	-0.03993879	-0.01352924	0.04457408	0.07606582	0.04457408	-0.01352924	-0.03993879	-0.02532123
-0.01963720	-0.01847871	0.04457408	0.14833850	0.20150634	0.14833850	0.04457408	-0.01847871	-0.01963720
-0.01513040	-0.00513871	0.07606582	0.20150634	0.26482548	0.20150634	0.07606582	-0.00513871	-0.01513040
-0.01963720	-0.01847871	0.04457408	0.14833850	0.20150634	0.14833850	0.04457408	-0.01847871	-0.01963720
-0.02532123	-0.03993879	-0.01352924	0.04457408	0.07606582	0.04457408	-0.01352924	-0.03993879	-0.02532123
-0.02090438	-0.04101379	-0.03993879	-0.01847871	-0.00513871	-0.01847871	-0.03993879	-0.04101379	-0.02090438
-0.00789245	-0.02090438	-0.02532123	-0.01963720	-0.01513040	-0.01963720	-0.02532123	-0.02090438	-0.00789245
