-0.07149783	-0.10482997	-0.10534663	-0.09718544	-0.10534663	-0.10482997	-0.07149783
-0.10482997	-0.13263193	-0.06483180	0.01265989	-0.06483180	-0.13263193	-0.10482997
-0.10534663	-0.06483180	0.24935231	0.56341183	0.24935231	-0.06483180	-0.10534663
-0.09718544	0.01265989	0.56341183	1.10363189	0.56341183	0.01265989	-0.09718544
-0.10534663	-0.06483180	0.24935231	0.56341183	0.24935231	-0.06483180	-0.10534663
-0.10482997	-0.13263193	-0.06483180	0.01265989	-0.06483180	-0.13263193	-0.10482997
-0.07149783	-0.10482997	-0.10534663	-0.09718544	-0.10534663	-0.10482997	-0.07149783
