-0.06924164	-0.08495856	-0.06757793	-0.05285669	-0.06757793	-0.08495856	-0.06924164
-0.08495856	-0.07136751	0.01213494	0.06559525	0.01213494	-0.07136751	-0.08495856
-0.06757793	0.01213494	0.21027388	0.32802187	0.21027388	0.01213494	-0.06757793
-0.05285669	0.06559525	0.32802187	0.48151180	0.32802187	0.06559525	-0.05285669
-0.06757793	0.01213494	0.21027388	0.32802187	0.21027388	0.01213494	-0.06757793
-0.08495856	-0.07136751	0.01213494	0.06559525	0.01213494	-0.07136751	-0.08495856
-0.06924164	-0.08495856	-0.06757793	-0.05285669	-0.06757793	-0.08495856	-0.06924164
