-0.00683565	-0.02469027	-0.02179947	-0.01231778	-0.02179947	-0.02469027	-0.00683565
-0.02469027	-0.04910322	-0.01198600	0.02644927	-0.01198600	-0.04910322	-0.02469027
-0.02179947	-0.01198600	0.11432108	0.20970144	0.11432108	-0.01198600	-0.02179947
-0.01231778	0.02644927	0.20970144	0.33894529	0.20970144	0.02644927	-0.01231778
-0.02179947	-0.01198600	0.11432108	0.20970144	0.11432108	-0.01198600	-0.02179947
-0.02469027	-0.04910322	-0.01198600	0.02644927	-0.01198600	-0.04910322	-0.02469027
-0.00683565	-0.02469027	-0.02179947	-0.01231778	-0.02179947	-0.02469027	-0.00683565
