-0.04499405	-0.06587362	-0.06917990	-0.06805129	-0.06629370	-0.06805129	-0.06917990	-0.06587362	-0.04499405
-0.06587362	-0.09438939	-0.09694405	-0.08761098	-0.07760012	-0.08761098	-0.09694405	-0.09438939	-0.06587362
-0.06917990	-0.09694405	-0.07763292	0.00553666	0.08603670	0.00553666	-0.07763292	-0.09694405	-0.06917990
-0.06805129	-0.08761098	0.00553666	0.33644178	0.65352936	0.33644178	0.00553666	-0.08761098	-0.06805129
-0.06629370	-0.07760012	0.08603670	0.65352936	1.19659480	0.65352936	0.08603670	-0.07760012	-0.06629370
-0.06805129	-0.08761098	0.00553666	0.33644178	0.65352936	0.33644178	0.00553666	-0.08761098	-0.06805129
-0.06917990	-0.09694405	-0.07763292	0.00553666	0.08603670	0.00553666	-0.07763292	-0.09694405	-0.06917990
-0.06587362	-0.09438939	-0.09694405	-0.08761098	-0.07760012	-0.08761098	-0.09694405	-0.09438939	-0.06587362
-0.04499405	-0.06587362	-0.06917990	-0.06805129	-0.06629370	-0.06805129	-0.06917990	-0.06587362	-0.04499405
