0.01136488	-0.02650453	-0.02921347	-0.01494630	-0.02921347	-0.02650453	0.01136488
-0.02650453	-0.14834573	-0.12589634	-0.04616991	-0.12589634	-0.14834573	-0.02650453
-0.02921347	-0.12589634	0.12419935	0.44070420	0.12419935	-0.12589634	-0.02921347
-0.01494630	-0.04616991	0.44070420	0.98568871	0.44070420	-0.04616991	-0.01494630
-0.02921347	-0.12589634	0.12419935	0.44070420	0.12419935	-0.12589634	-0.02921347
-0.02650453	-0.14834573	-0.12589634	-0.04616991	-0.12589634	-0.14834573	-0.02650453
0.01136488	-0.02650453	-0.02921347	-0.01494630	-0.02921347	-0.02650453	0.01136488
