0.01387995	-0.00791572	-0.01521118	-0.01154371	-0.00752851	-0.01154371	-0.01521118	-0.00791572	0.01387995
-0.00791572	-0.08396446	-0.11474805	-0.10697275	-0.09460531	-0.10697275	-0.11474805	-0.08396446	-0.00791572
-0.01521118	-0.11474805	-0.13549336	-0.05534197	0.02801473	-0.05534197	-0.13549336	-0.11474805	-0.01521118
-0.01154371	-0.10697275	-0.05534197	0.27344243	0.59428672	0.27344243	-0.05534197	-0.10697275	-0.01154371
-0.00752851	-0.09460531	0.02801473	0.59428672	1.14173834	0.59428672	0.02801473	-0.09460531	-0.00752851
-0.01154371	-0.10697275	-0.05534197	0.27344243	0.59428672	0.27344243	-0.05534197	-0.10697275	-0.01154371
-0.01521118	-0.11474805	-0.13549336	-0.05534197	0.02801473	-0.05534197	-0.13549336	-0.11474805	-0.01521118
-0.00791572	-0.08396446	-0.11474805	-0.10697275	-0.09460531	-0.10697275	-0.11474805	-0.08396446	-0.00791572
0.01387995	-0.00791572	-0.01521118	-0.01154371	-0.00752851	-0.01154371	-0.01521118	-0.00791572	0.01387995
