0.00144192	-0.00083145	-0.00337360	-0.00119498	0.00133200	-0.00119498	-0.00337360	-0.00083145	0.00144192
-0.00083145	-0.00898354	-0.01446902	-0.00593994	0.00204717	-0.00593994	-0.01446902	-0.00898354	-0.00083145
-0.00337360	-0.01446902	-0.01282993	0.01715303	0.03834305	0.01715303	-0.01282993	-0.01446902	-0.00337360
-0.00119498	-0.00593994	0.01715303	0.08179602	0.12150557	0.08179602	0.01715303	-0.00593994	-0.00119498
0.00133200	0.00204717	0.03834305	0.12150557	0.17063864	0.12150557	0.03834305	0.00204717	0.00133200
-0.00119498	-0.00593994	0.01715303	0.08179602	0.12150557	0.08179602	0.01715303	-0.00593994	-0.00119498
-0.00337360	-0.01446902	-0.01282993	0.01715303	0.03834305	0.01715303	-0.01282993	-0.01446902	-0.00337360
-0.00083145	-0.00898354	-0.01446902	-0.00593994	0.00204717	-0.00593994	-0.01446902	-0.00898354	-0.00083145
0.00144192	-0.00083145	-0.00337360	-0.00119498	0.00133200	-0.00119498	-0.00337360	-0.00083145	0.00144192
