-0.02843197	-0.03999829	-0.04195443	-0.03714229	-0.03395933	-0.03714229	-0.04195443	-0.03999829	-0.02843197
-0.03999829	-0.04996450	-0.03875234	-0.01523215	-0.00293889	-0.01523215	-0.03875234	-0.04996450	-0.03999829
-0.04195443	-0.03875234	0.00433643	0.06691323	0.09754711	0.06691323	0.00433643	-0.03875234	-0.04195443
-0.03714229	-0.01523215	0.06691323	0.17561883	0.22769639	0.17561883	0.06691323	-0.01523215	-0.03714229
-0.03395933	-0.00293889	0.09754711	0.22769639	0.28971381	0.22769639	0.09754711	-0.00293889	-0.03395933
-0.03714229	-0.01523215	0.06691323	0.17561883	0.22769639	0.17561883	0.06691323	-0.01523215	-0.03714229
-0.04195443	-0.03875234	0.00433643	0.06691323	0.09754711	0.06691323	0.00433643	-0.03875234	-0.04195443
-0.03999829	-0.04996450	-0.03875234	-0.01523215	-0.00293889	-0.01523215	-0.03875234	-0.04996450	-0.03999829
-0.02843197	-0.03999829	-0.04195443	-0.03714229	-0.03395933	-0.03714229	-0.04195443	-0.03999829	-0.02843197
