0.00414909	0.00363537	0.00034365	0.00214762	0.00530302	0.00214762	0.00034365	0.00363537	0.00414909
0.00363537	-0.00950742	-0.02941148	-0.02532841	-0.01419198	-0.02532841	-0.02941148	-0.00950742	0.00363537
0.00034365	-0.02941148	-0.05663963	-0.01609356	0.02583592	-0.01609356	-0.05663963	-0.02941148	0.00034365
0.00214762	-0.02532841	-0.01609356	0.11746156	0.21843595	0.11746156	-0.01609356	-0.02532841	0.00214762
0.00530302	-0.01419198	0.02583592	0.21843595	0.35426852	0.21843595	0.02583592	-0.01419198	0.00530302
0.00214762	-0.02532841	-0.01609356	0.11746156	0.21843595	0.11746156	-0.01609356	-0.02532841	0.00214762
0.00034365	-0.02941148	-0.05663963	-0.01609356	0.02583592	-0.01609356	-0.05663963	-0.02941148	0.00034365
0.00363537	-0.00950742	-0.02941148	-0.02532841	-0.01419198	-0.02532841	-0.02941148	-0.00950742	0.00363537
0.00414909	0.00363537	0.00034365	0.00214762	0.00530302	0.00214762	0.00034365	0.00363537	0.00414909
