-0.00861444	-0.03039921	-0.02509264	-0.01234825	-0.02509264	-0.03039921	-0.00861444
-0.03039921	-0.06015012	-0.01636822	0.02879461	-0.01636822	-0.06015012	-0.03039921
-0.02509264	-0.01636822	0.12364528	0.22959223	0.12364528	-0.01636822	-0.02509264
-0.01234825	0.02879461	0.22959223	0.37120334	0.22959223	0.02879461	-0.01234825
-0.02509264	-0.01636822	0.12364528	0.22959223	0.12364528	-0.01636822	-0.02509264
-0.03039921	-0.06015012	-0.01636822	0.02879461	-0.01636822	-0.06015012	-0.03039921
-0.00861444	-0.03039921	-0.02509264	-0.01234825	-0.02509264	-0.03039921	-0.00861444
