0.00449904	0.00387956	0.00033407	0.00240052	0.00588381	0.00240052	0.00033407	0.00387956	0.00449904
0.00387956	-0.01012080	-0.03101818	-0.02630387	-0.01432849	-0.02630387	-0.03101818	-0.01012080	0.00387956
0.00033407	-0.03101818	-0.05958563	-0.01734085	0.02629328	-0.01734085	-0.05958563	-0.03101818	0.00033407
0.00240052	-0.02630387	-0.01734085	0.11964657	0.22326500	0.11964657	-0.01734085	-0.02630387	0.00240052
0.00588381	-0.01432849	0.02629328	0.22326500	0.36217885	0.22326500	0.02629328	-0.01432849	0.00588381
0.00240052	-0.02630387	-0.01734085	0.11964657	0.22326500	0.11964657	-0.01734085	-0.02630387	0.00240052
0.00033407	-0.03101818	-0.05958563	-0.01734085	0.02629328	-0.01734085	-0.05958563	-0.03101818	0.00033407
0.00387956	-0.01012080	-0.03101818	-0.02630387	-0.01432849	-0.02630387	-0.03101818	-0.01012080	0.00387956
0.00449904	0.00387956	0.00033407	0.00240052	0.00588381	0.00240052	0.00033407	0.00387956	0.00449904
