-0.05155132	-0.06840747	-0.05918501	-0.04907853	-0.05918501	-0.06840747	-0.05155132
-0.06840747	-0.06092681	0.00859755	0.05487174	0.00859755	-0.06092681	-0.06840747
-0.05918501	0.00859755	0.18797417	0.29662922	0.18797417	0.00859755	-0.05918501
-0.04907853	0.05487174	0.29662922	0.44028557	0.29662922	0.05487174	-0.04907853
-0.05918501	0.00859755	0.18797417	0.29662922	0.18797417	0.00859755	-0.05918501
-0.06840747	-0.06092681	0.00859755	0.05487174	0.00859755	-0.06092681	-0.06840747
-0.05155132	-0.06840747	-0.05918501	-0.04907853	-0.05918501	-0.06840747	-0.05155132
