-0.05364632	-0.05257132	-0.03111124	-0.01777124	-0.03111124	-0.05257132	-0.05364632
-0.05257132	-0.02616177	0.03194156	0.06343329	0.03194156	-0.02616177	-0.05257132
-0.03111124	0.03194156	0.13570598	0.18887382	0.13570598	0.03194156	-0.03111124
-0.01777124	0.06343329	0.18887382	0.25219295	0.18887382	0.06343329	-0.01777124
-0.03111124	0.03194156	0.13570598	0.18887382	0.13570598	0.03194156	-0.03111124
-0.05257132	-0.02616177	0.03194156	0.06343329	0.03194156	-0.02616177	-0.05257132
-0.05364632	-0.05257132	-0.03111124	-0.01777124	-0.03111124	-0.05257132	-0.05364632
