0.00254584	-0.01020124	-0.01957150	-0.02082193	-0.01957203	-0.02082193	-0.01957150	-0.01020124	0.00254584
-0.01020124	-0.04190107	-0.05875722	-0.04953476	-0.03942829	-0.04953476	-0.05875722	-0.04190107	-0.01020124
-0.01957150	-0.05875722	-0.05127656	0.01824779	0.06452199	0.01824779	-0.05127656	-0.05875722	-0.01957150
-0.02082193	-0.04953476	0.01824779	0.19762441	0.30627947	0.19762441	0.01824779	-0.04953476	-0.02082193
-0.01957203	-0.03942829	0.06452199	0.30627947	0.44993581	0.30627947	0.06452199	-0.03942829	-0.01957203
-0.02082193	-0.04953476	0.01824779	0.19762441	0.30627947	0.19762441	0.01824779	-0.04953476	-0.02082193
-0.01957150	-0.05875722	-0.05127656	0.01824779	0.06452199	0.01824779	-0.05127656	-0.05875722	-0.01957150
-0.01020124	-0.04190107	-0.05875722	-0.04953476	-0.03942829	-0.04953476	-0.05875722	-0.04190107	-0.01020124
0.00254584	-0.01020124	-0.01957150	-0.02082193	-0.01957203	-0.02082193	-0.01957150	-0.01020124	0.00254584
