-0.13663407	-0.13918874	-0.12985567	-0.11984480	-0.12985567	-0.13918874	-0.13663407
-0.13918874	-0.11987760	-0.03670802	0.04379201	-0.03670802	-0.11987760	-0.13918874
-0.12985567	-0.03670802	0.29419710	0.61128467	0.29419710	-0.03670802	-0.12985567
-0.11984480	0.04379201	0.61128467	1.15435011	0.61128467	0.04379201	-0.11984480
-0.12985567	-0.03670802	0.29419710	0.61128467	0.29419710	-0.03670802	-0.12985567
-0.13918874	-0.11987760	-0.03670802	0.04379201	-0.03670802	-0.11987760	-0.13918874
-0.13663407	-0.13918874	-0.12985567	-0.11984480	-0.12985567	-0.13918874	-0.13663407
