-0.00744934	-0.01117210	-0.00425289	0.00202798	-0.00425289	-0.01117210	-0.00744934
-0.01117210	-0.00792969	0.01803644	0.03588807	0.01803644	-0.00792969	-0.01117210
-0.00425289	0.01803644	0.07491222	0.10929494	0.07491222	0.01803644	-0.00425289
0.00202798	0.03588807	0.10929494	0.15213168	0.10929494	0.03588807	0.00202798
-0.00425289	0.01803644	0.07491222	0.10929494	0.07491222	0.01803644	-0.00425289
-0.01117210	-0.00792969	0.01803644	0.03588807	0.01803644	-0.00792969	-0.01117210
-0.00744934	-0.01117210	-0.00425289	0.00202798	-0.00425289	-0.01117210	-0.00744934
