0.00627021	0.01086884	0.01157460	0.01637077	0.02132987	0.01637077	0.01157460	0.01086884	0.00627021
0.01086884	0.00277480	-0.03509461	-0.03780355	-0.02353638	-0.03780355	-0.03509461	0.00277480	0.01086884
0.01157460	-0.03509461	-0.15693581	-0.13448643	-0.05475999	-0.13448643	-0.15693581	-0.03509461	0.01157460
0.01637077	-0.03780355	-0.13448643	0.11560927	0.43211411	0.11560927	-0.13448643	-0.03780355	0.01637077
0.02132987	-0.02353638	-0.05475999	0.43211411	0.97709863	0.43211411	-0.05475999	-0.02353638	0.02132987
0.01637077	-0.03780355	-0.13448643	0.11560927	0.43211411	0.11560927	-0.13448643	-0.03780355	0.01637077
0.01157460	-0.03509461	-0.15693581	-0.13448643	-0.05475999	-0.13448643	-0.15693581	-0.03509461	0.01157460
0.01086884	0.00277480	-0.03509461	-0.03780355	-0.02353638	-0.03780355	-0.03509461	0.00277480	0.01086884
0.00627021	0.01086884	0.01157460	0.01637077	0.02132987	0.01637077	0.01157460	0.01086884	0.00627021
