0.00114395	-0.00082550	-0.00301913	-0.00119737	0.00094848	-0.00119737	-0.00301913	-0.00082550	0.00114395
-0.00082550	-0.00793060	-0.01256830	-0.00484770	0.00229748	-0.00484770	-0.01256830	-0.00793060	-0.00082550
-0.00301913	-0.01256830	-0.01015673	0.01788102	0.03746128	0.01788102	-0.01015673	-0.01256830	-0.00301913
-0.00119737	-0.00484770	0.01788102	0.07883443	0.11601344	0.07883443	0.01788102	-0.00484770	-0.00119737
0.00094848	0.00229748	0.03746128	0.11601344	0.16216890	0.11601344	0.03746128	0.00229748	0.00094848
-0.00119737	-0.00484770	0.01788102	0.07883443	0.11601344	0.07883443	0.01788102	-0.00484770	-0.00119737
-0.00301913	-0.01256830	-0.01015673	0.01788102	0.03746128	0.01788102	-0.01015673	-0.01256830	-0.00301913
-0.00082550	-0.00793060	-0.01256830	-0.00484770	0.00229748	-0.00484770	-0.01256830	-0.00793060	-0.00082550
0.00114395	-0.00082550	-0.00301913	-0.00119737	0.00094848	-0.00119737	-0.00301913	-0.00082550	0.00114395
