-0.02743586	-0.04507452	-0.05263021	-0.05289289	-0.05167730	-0.05289289	-0.05263021	-0.04507452	-0.02743586
-0.04507452	-0.06880207	-0.06882276	-0.04990644	-0.03729735	-0.04990644	-0.06882276	-0.06880207	-0.04507452
-0.05263021	-0.06882276	-0.02874759	0.05950194	0.11093906	0.05950194	-0.02874759	-0.06882276	-0.05263021
-0.05289289	-0.04990644	0.05950194	0.26264495	0.37789430	0.26264495	0.05950194	-0.04990644	-0.05289289
-0.05167730	-0.03729735	0.11093906	0.37789430	0.52852638	0.37789430	0.11093906	-0.03729735	-0.05167730
-0.05289289	-0.04990644	0.05950194	0.26264495	0.37789430	0.26264495	0.05950194	-0.04990644	-0.05289289
-0.05263021	-0.06882276	-0.02874759	0.05950194	0.11093906	0.05950194	-0.02874759	-0.06882276	-0.05263021
-0.04507452	-0.06880207	-0.06882276	-0.04990644	-0.03729735	-0.04990644	-0.06882276	-0.06880207	-0.04507452
-0.02743586	-0.04507452	-0.05263021	-0.05289289	-0.05167730	-0.05289289	-0.05263021	-0.04507452	-0.02743586
