-0.00819336	-0.02909074	-0.02437643	-0.01240105	-0.02437643	-0.02909074	-0.00819336
-0.02909074	-0.05765818	-0.01541341	0.02822072	-0.01541341	-0.05765818	-0.02909074
-0.02437643	-0.01541341	0.12157401	0.22519244	0.12157401	-0.01541341	-0.02437643
-0.01240105	0.02822072	0.22519244	0.36410629	0.22519244	0.02822072	-0.01240105
-0.02437643	-0.01541341	0.12157401	0.22519244	0.12157401	-0.01541341	-0.02437643
-0.02909074	-0.05765818	-0.01541341	0.02822072	-0.01541341	-0.05765818	-0.02909074
-0.00819336	-0.02909074	-0.02437643	-0.01240105	-0.02437643	-0.02909074	-0.00819336
