-0.07924544	-0.08530389	-0.07338068	-0.06380453	-0.07338068	-0.08530389	-0.07924544
-0.08530389	-0.05545420	0.02238811	0.06946256	0.02238811	-0.05545420	-0.08530389
-0.07338068	0.02238811	0.21248089	0.32235071	0.21248089	0.02238811	-0.07338068
-0.06380453	0.06946256	0.32235071	0.46721172	0.32235071	0.06946256	-0.06380453
-0.07338068	0.02238811	0.21248089	0.32235071	0.21248089	0.02238811	-0.07338068
-0.08530389	-0.05545420	0.02238811	0.06946256	0.02238811	-0.05545420	-0.08530389
-0.07924544	-0.08530389	-0.07338068	-0.06380453	-0.07338068	-0.08530389	-0.07924544
