-0.03727037	-0.03798115	-0.02366553	-0.01436267	-0.02366553	-0.03798115	-0.03727037
-0.03798115	-0.01757824	0.02857351	0.05388336	0.02857351	-0.01757824	-0.03798115
-0.02366553	0.02857351	0.11610872	0.16135071	0.11610872	0.02857351	-0.02366553
-0.01436267	0.05388336	0.16135071	0.21605939	0.16135071	0.05388336	-0.01436267
-0.02366553	0.02857351	0.11610872	0.16135071	0.11610872	0.02857351	-0.02366553
-0.03798115	-0.01757824	0.02857351	0.05388336	0.02857351	-0.01757824	-0.03798115
-0.03727037	-0.03798115	-0.02366553	-0.01436267	-0.02366553	-0.03798115	-0.03727037
