-0.08996308	-0.07365942	-0.04443536	-0.02969507	-0.04443536	-0.07365942	-0.08996308
-0.07365942	-0.02321423	0.04676914	0.08049060	0.04676914	-0.02321423	-0.07365942
-0.04443536	0.04676914	0.16405151	0.21964662	0.16405151	0.04676914	-0.04443536
-0.02969507	0.08049060	0.21964662	0.28533969	0.21964662	0.08049060	-0.02969507
-0.04443536	0.04676914	0.16405151	0.21964662	0.16405151	0.04676914	-0.04443536
-0.07365942	-0.02321423	0.04676914	0.08049060	0.04676914	-0.02321423	-0.07365942
-0.08996308	-0.07365942	-0.04443536	-0.02969507	-0.04443536	-0.07365942	-0.08996308
