0.00129789	-0.00082930	-0.00320490	-0.00120023	0.00114254	-0.00120023	-0.00320490	-0.00082930	0.00129789
-0.00082930	-0.00848314	-0.01356768	-0.00542865	0.00215556	-0.00542865	-0.01356768	-0.00848314	-0.00082930
-0.00320490	-0.01356768	-0.01156301	0.01749683	0.03792458	0.01749683	-0.01156301	-0.01356768	-0.00320490
-0.00120023	-0.00542865	0.01749683	0.08040453	0.11892400	0.08040453	0.01749683	-0.00542865	-0.00120023
0.00114254	0.00215556	0.03792458	0.11892400	0.16665961	0.11892400	0.03792458	0.00215556	0.00114254
-0.00120023	-0.00542865	0.01749683	0.08040453	0.11892400	0.08040453	0.01749683	-0.00542865	-0.00120023
-0.00320490	-0.01356768	-0.01156301	0.01749683	0.03792458	0.01749683	-0.01156301	-0.01356768	-0.00320490
-0.00082930	-0.00848314	-0.01356768	-0.00542865	0.00215556	-0.00542865	-0.01356768	-0.00848314	-0.00082930
0.00129789	-0.00082930	-0.00320490	-0.00120023	0.00114254	-0.00120023	-0.00320490	-0.00082930	0.00129789
