-0.00699752	-0.01905340	-0.02356490	-0.01881983	-0.01487818	-0.01881983	-0.02356490	-0.01905340	-0.00699752
-0.01905340	-0.03792125	-0.03737353	-0.01768151	-0.00532335	-0.01768151	-0.03737353	-0.03792125	-0.01905340
-0.02356490	-0.03737353	-0.01240898	0.04293211	0.07300644	0.04293211	-0.01240898	-0.03737353	-0.02356490
-0.01881983	-0.01768151	0.04293211	0.14311176	0.19453622	0.14311176	0.04293211	-0.01768151	-0.01881983
-0.01487818	-0.00532335	0.07300644	0.19453622	0.25598799	0.19453622	0.07300644	-0.00532335	-0.01487818
-0.01881983	-0.01768151	0.04293211	0.14311176	0.19453622	0.14311176	0.04293211	-0.01768151	-0.01881983
-0.02356490	-0.03737353	-0.01240898	0.04293211	0.07300644	0.04293211	-0.01240898	-0.03737353	-0.02356490
-0.01905340	-0.03792125	-0.03737353	-0.01768151	-0.00532335	-0.01768151	-0.03737353	-0.03792125	-0.01905340
-0.00699752	-0.01905340	-0.02356490	-0.01881983	-0.01487818	-0.01881983	-0.02356490	-0.01905340	-0.00699752
