0.01123492	-0.02473282	-0.02841623	-0.01549509	-0.02841623	-0.02473282	0.01123492
-0.02473282	-0.14237003	-0.12318644	-0.04675844	-0.12318644	-0.14237003	-0.02473282
-0.02841623	-0.12318644	0.12065013	0.43240214	0.12065013	-0.12318644	-0.02841623
-0.01549509	-0.04675844	0.43240214	0.97202946	0.43240214	-0.04675844	-0.01549509
-0.02841623	-0.12318644	0.12065013	0.43240214	0.12065013	-0.12318644	-0.02841623
-0.02473282	-0.14237003	-0.12318644	-0.04675844	-0.12318644	-0.14237003	-0.02473282
0.01123492	-0.02473282	-0.02841623	-0.01549509	-0.02841623	-0.02473282	0.01123492
