0.01356744	-0.00346537	-0.01109527	-0.01029688	-0.00809671	-0.01029688	-0.01109527	-0.00346537	0.01356744
-0.00346537	-0.06788605	-0.10121820	-0.10173485	-0.09357366	-0.10173485	-0.10121820	-0.06788605	-0.00346537
-0.01109527	-0.10121820	-0.12902015	-0.06122002	0.01627167	-0.06122002	-0.12902015	-0.10121820	-0.01109527
-0.01029688	-0.10173485	-0.06122002	0.25296409	0.56702361	0.25296409	-0.06122002	-0.10173485	-0.01029688
-0.00809671	-0.09357366	0.01627167	0.56702361	1.10724367	0.56702361	0.01627167	-0.09357366	-0.00809671
-0.01029688	-0.10173485	-0.06122002	0.25296409	0.56702361	0.25296409	-0.06122002	-0.10173485	-0.01029688
-0.01109527	-0.10121820	-0.12902015	-0.06122002	0.01627167	-0.06122002	-0.12902015	-0.10121820	-0.01109527
-0.00346537	-0.06788605	-0.10121820	-0.10173485	-0.09357366	-0.10173485	-0.10121820	-0.06788605	-0.00346537
0.01356744	-0.00346537	-0.01109527	-0.01029688	-0.00809671	-0.01029688	-0.01109527	-0.00346537	0.01356744
