-0.03414680	-0.05253931	-0.05812494	-0.05602196	-0.05376455	-0.05602196	-0.05812494	-0.05253931	-0.03414680
-0.05253931	-0.07608460	-0.07249968	-0.04981156	-0.03561329	-0.04981156	-0.07249968	-0.07608460	-0.05253931
-0.05812494	-0.07249968	-0.02723669	0.06594072	0.11940531	0.06594072	-0.02723669	-0.07249968	-0.05812494
-0.05602196	-0.04981156	0.06594072	0.27480502	0.39238351	0.27480502	0.06594072	-0.04981156	-0.05602196
-0.05376455	-0.03561329	0.11940531	0.39238351	0.54546219	0.39238351	0.11940531	-0.03561329	-0.05376455
-0.05602196	-0.04981156	0.06594072	0.27480502	0.39238351	0.27480502	0.06594072	-0.04981156	-0.05602196
-0.05812494	-0.07249968	-0.02723669	0.06594072	0.11940531	0.06594072	-0.02723669	-0.07249968	-0.05812494
-0.05253931	-0.07608460	-0.07249968	-0.04981156	-0.03561329	-0.04981156	-0.07249968	-0.07608460	-0.05253931
-0.03414680	-0.05253931	-0.05812494	-0.05602196	-0.05376455	-0.05602196	-0.05812494	-0.05253931	-0.03414680
