-0.05897013	-0.05217394	-0.03407209	-0.02416827	-0.03407209	-0.05217394	-0.05897013
-0.05217394	-0.01663249	0.03790037	0.06511804	0.03790037	-0.01663249	-0.05217394
-0.03407209	0.03790037	0.13649966	0.18437280	0.13649966	0.03790037	-0.03407209
-0.02416827	0.06511804	0.18437280	0.24188685	0.18437280	0.06511804	-0.02416827
-0.03407209	0.03790037	0.13649966	0.18437280	0.13649966	0.03790037	-0.03407209
-0.05217394	-0.01663249	0.03790037	0.06511804	0.03790037	-0.01663249	-0.05217394
-0.05897013	-0.05217394	-0.03407209	-0.02416827	-0.03407209	-0.05217394	-0.05897013
