-0.08492402	-0.10556573	-0.11306832	-0.11040733	-0.11306832	-0.10556573	-0.08492402
-0.10556573	-0.11232085	-0.05204025	0.01871153	-0.05204025	-0.11232085	-0.10556573
-0.11306832	-0.05204025	0.25143349	0.55694238	0.25143349	-0.05204025	-0.11306832
-0.11040733	0.01871153	0.55694238	1.08765359	0.55694238	0.01871153	-0.11040733
-0.11306832	-0.05204025	0.25143349	0.55694238	0.25143349	-0.05204025	-0.11306832
-0.10556573	-0.11232085	-0.05204025	0.01871153	-0.05204025	-0.11232085	-0.10556573
-0.08492402	-0.10556573	-0.11306832	-0.11040733	-0.11306832	-0.10556573	-0.08492402
