0.00085132	-0.00081157	-0.00264430	-0.00116045	0.00061031	-0.00116045	-0.00264430	-0.00081157	0.00085132
-0.00081157	-0.00681497	-0.01053774	-0.00361852	0.00266234	-0.00361852	-0.01053774	-0.00681497	-0.00081157
-0.00264430	-0.01053774	-0.00729532	0.01867080	0.03652244	0.01867080	-0.00729532	-0.01053774	-0.00264430
-0.00116045	-0.00361852	0.01867080	0.07554659	0.10992931	0.07554659	0.01867080	-0.00361852	-0.00116045
0.00061031	0.00266234	0.03652244	0.10992931	0.15276605	0.10992931	0.03652244	0.00266234	0.00061031
-0.00116045	-0.00361852	0.01867080	0.07554659	0.10992931	0.07554659	0.01867080	-0.00361852	-0.00116045
-0.00264430	-0.01053774	-0.00729532	0.01867080	0.03652244	0.01867080	-0.00729532	-0.01053774	-0.00264430
-0.00081157	-0.00681497	-0.01053774	-0.00361852	0.00266234	-0.00361852	-0.01053774	-0.00681497	-0.00081157
0.00085132	-0.00081157	-0.00264430	-0.00116045	0.00061031	-0.00116045	-0.00264430	-0.00081157	0.00085132
