0.01086880	-0.02119772	-0.02671434	-0.01644528	-0.02671434	-0.02119772	0.01086880
-0.02119772	-0.12999261	-0.11729305	-0.04762341	-0.11729305	-0.12999261	-0.02119772
-0.02671434	-0.11729305	0.11319947	0.41473610	0.11319947	-0.11729305	-0.02671434
-0.01644528	-0.04762341	0.41473610	0.94266873	0.41473610	-0.04762341	-0.01644528
-0.02671434	-0.11729305	0.11319947	0.41473610	0.11319947	-0.11729305	-0.02671434
-0.02119772	-0.12999261	-0.11729305	-0.04762341	-0.11729305	-0.12999261	-0.02119772
0.01086880	-0.02119772	-0.02671434	-0.01644528	-0.02671434	-0.02119772	0.01086880
