-0.01936214	-0.02958756	-0.03347508	-0.03168117	-0.02990526	-0.03168117	-0.03347508	-0.02958756	-0.01936214
-0.02958756	-0.03947993	-0.03268373	-0.01458188	-0.00467807	-0.01458188	-0.03268373	-0.03947993	-0.02958756
-0.03347508	-0.03268373	0.00285772	0.05739058	0.08460825	0.05739058	0.00285772	-0.03268373	-0.03347508
-0.03168117	-0.01458188	0.05739058	0.15598986	0.20386301	0.15598986	0.05739058	-0.01458188	-0.03168117
-0.02990526	-0.00467807	0.08460825	0.20386301	0.26137706	0.20386301	0.08460825	-0.00467807	-0.02990526
-0.03168117	-0.01458188	0.05739058	0.15598986	0.20386301	0.15598986	0.05739058	-0.01458188	-0.03168117
-0.03347508	-0.03268373	0.00285772	0.05739058	0.08460825	0.05739058	0.00285772	-0.03268373	-0.03347508
-0.02958756	-0.03947993	-0.03268373	-0.01458188	-0.00467807	-0.01458188	-0.03268373	-0.03947993	-0.02958756
-0.01936214	-0.02958756	-0.03347508	-0.03168117	-0.02990526	-0.03168117	-0.03347508	-0.02958756	-0.01936214
