-0.11047512	-0.10689019	-0.08420207	-0.07000380	-0.08420207	-0.10689019	-0.11047512
-0.10689019	-0.06162720	0.03155021	0.08501480	0.03155021	-0.06162720	-0.10689019
-0.08420207	0.03155021	0.24041451	0.35799300	0.24041451	0.03155021	-0.08420207
-0.07000380	0.08501480	0.35799300	0.51107167	0.35799300	0.08501480	-0.07000380
-0.08420207	0.03155021	0.24041451	0.35799300	0.24041451	0.03155021	-0.08420207
-0.10689019	-0.06162720	0.03155021	0.08501480	0.03155021	-0.06162720	-0.10689019
-0.11047512	-0.10689019	-0.08420207	-0.07000380	-0.08420207	-0.10689019	-0.11047512
