-0.00913852	-0.01422306	-0.00608403	0.00150018	-0.00608403	-0.01422306	-0.00913852
-0.01422306	-0.01221839	0.01684145	0.03726920	0.01684145	-0.01221839	-0.01422306
-0.00608403	0.01684145	0.07974915	0.11826862	0.07974915	0.01684145	-0.00608403
0.00150018	0.03726920	0.11826862	0.16600423	0.11826862	0.03726920	0.00150018
-0.00608403	0.01684145	0.07974915	0.11826862	0.07974915	0.01684145	-0.00608403
-0.01422306	-0.01221839	0.01684145	0.03726920	0.01684145	-0.01221839	-0.01422306
-0.00913852	-0.01422306	-0.00608403	0.00150018	-0.00608403	-0.01422306	-0.00913852
