[BuildTime]
Time=20180203164448038

[ComputerID]
ID=1287636757

[cameraSerial]
serial=default

[platConvertName]
name=default

[posType]
ID=0

[stdPos]
pos1=0
pos2=0

[stdValue]
value1=0
value2=0

[convertPara]
value11=0.00474048
value12=-0.000180905
value13=0
value21=0.00168621
value22=-0.0117588
value23=0
value31=0
value32=0
value33=1

[isGetOK]
status=1

[invConvertPara]
value11=212.11
value12=-3.26323
value13=0
value21=30.4166
value22=-85.5107
value23=0
value31=0
value32=0
value33=1
