[BuildTime]
Time=20180126141046937

[ComputerID]
ID=1287636757

[cameraSerial]
serial=default

[platConvertName]
name=default

[posType]
ID=0

[stdPos]
pos1=0
pos2=0

[stdValue]
value1=0
value2=0

[convertPara]
value11=0.0043393
value12=-0.00148584
value13=0
value21=-9.68244e-05
value22=-0.00961427
value23=0
value31=0
value32=0
value33=1

[isGetOK]
status=1

[invConvertPara]
value11=229.66
value12=-35.4929
value13=0
value21=-2.31288
value22=-103.655
value23=0
value31=0
value32=0
value33=1
