[BuildTime]
Time=20180126144423996

[ComputerID]
ID=1287636757

[cameraSerial]
serial=default

[platConvertName]
name=default

[posType]
ID=0

[stdPos]
pos1=0
pos2=0

[stdValue]
value1=0
value2=0

[convertPara]
value11=0.00482381
value12=0.000247104
value13=0
value21=0.000756165
value22=-0.0113174
value23=0
value31=0
value32=0
value33=1

[isGetOK]
status=1

[invConvertPara]
value11=206.598
value12=4.51087
value13=0
value21=13.8037
value22=-88.0583
value23=0
value31=0
value32=0
value33=1
