[BuildTime]
Time=20180125141653765

[ComputerID]
ID=1287636757

[cameraSerial]
serial=default

[platConvertName]
name=default

[posType]
ID=0

[stdPos]
pos1=0
pos2=0

[stdValue]
value1=0
value2=0

[convertPara]
value11=0.00439052
value12=-0.000422111
value13=0
value21=6.36307e-05
value22=-0.0100704
value23=0
value31=0
value32=0
value33=1

[isGetOK]
status=1

[invConvertPara]
value11=227.902
value12=-9.55278
value13=0
value21=1.44003
value22=-99.3618
value23=0
value31=0
value32=0
value33=1
