[BuildTime]
Time=20180203171723343

[ComputerID]
ID=1287636757

[cameraSerial]
serial=default

[platConvertName]
name=default

[posType]
ID=0

[stdPos]
pos1=0
pos2=0

[stdValue]
value1=0
value2=0

[convertPara]
value11=0
value12=0
value13=0
value21=0
value22=0
value23=0
value31=0
value32=0
value33=1

[isGetOK]
status=1

[invConvertPara]
value11=-5.64969e+66
value12=-5.64969e+66
value13=-6.27744e+66
value21=-5.64969e+66
value22=-5.64969e+66
value23=-6.27744e+66
value31=-6.27744e+66
value32=-6.27744e+66
value33=-6.27744e+66
